time x y z T0
345600.0000000000 -1132915.7452668380 6092528.5036451109 1504631.7641727834 11.6131439027
345630.0000000000 -1132915.8323178117 6092529.4184870441 1504633.3072792448 2.8337944061
345660.0000000000 -1132915.6148669263 6092528.8974383390 1504632.1852308656 4.9686405843
345690.0000000000 -1132914.7966595939 6092527.5261871982 1504631.9343259686 18.5149363874
345720.0000000000 -1132914.4261637251 6092526.9163568821 1504632.8742397637 19.6262932043
345750.0000000000 -1132915.0025460033 6092528.3053709632 1504632.2485231196 10.4526963512
345780.0000000000 -1132915.2243103518 6092528.9833707679 1504632.4585680652 9.1288590341
345810.0000000000 -1132914.5096570756 6092528.3661993938 1504632.6629505982 10.1298374290
345840.0000000000 -1132914.8535664009 6092527.9385192636 1504631.4162202221 16.4438829831
345870.0000000000 -1132915.4888038742 6092530.1550142746 1504632.1277512496 19.0320508981
345900.0000000000 -1132915.2056551471 6092528.3991258880 1504632.4282357814 2.6701224977
345930.0000000000 -1132915.3176461568 6092528.5204047542 1504632.4202481033 4.3250821039
345960.0000000000 -1132914.7499984007 6092528.4581190152 1504632.9963516863 3.9294405826
345990.0000000000 -1132914.2516419743 6092528.1609910736 1504633.1012536099 4.6868102252
346020.0000000000 -1132915.0891526204 6092528.4081613971 1504632.5206928600 7.3164115156
346050.0000000000 -1132915.3984167990 6092529.4540925128 1504632.1985861782 9.8971957181
346080.0000000000 -1132914.8521888596 6092527.3486697255 1504631.0858973658 18.0547625661
346110.0000000000 -1132915.0229613159 6092527.0835703071 1504631.8409725339 6.6707260266
346140.0000000000 -1132915.0419419571 6092528.7647760343 1504632.7614775288 11.0600469579
346170.0000000000 -1132915.6050396475 6092527.3062701598 1504632.2482005595 7.9289077446
346200.0000000000 -1132914.7688005217 6092529.1841681981 1504632.8854151384 6.2465741315
346230.0000000000 -1132915.1395582249 6092529.7624292728 1504632.3617228144 7.1871214025
346260.0000000000 -1132916.0496325269 6092527.0273803854 1504630.6850565262 22.2668646328
346290.0000000000 -1132915.9541981514 6092528.8430354949 1504631.6864283374 12.7152218359
346320.0000000000 -1132914.5951347435 6092526.7520114211 1504632.0192636705 6.2337460686
346350.0000000000 -1132914.1425564094 6092525.7869772464 1504631.9593175219 51.6015173745
346380.0000000000 -1132915.6388538359 6092524.9420392085 1504631.0260513069 18.9512940062
346410.0000000000 -1132914.4362810121 6092527.6494094981 1504632.0217372631 16.6777306777
346440.0000000000 -1132915.0885972285 6092525.9121620292 1504631.6454251534 13.3234116066
346470.0000000000 -1132914.1394723139 6092524.2829081379 1504631.4184779371 63.2774166005
346500.0000000000 -1132915.4449792698 6092527.7613638369 1504632.8737359492 9.8986188542
346530.0000000000 -1132914.3789030740 6092525.1050499957 1504631.9528870096 36.2476249057
346560.0000000000 -1132915.6539048611 6092526.9175081970 1504631.7067549049 65.7559452122
346590.0000000000 -1132915.1545508290 6092523.8201396158 1504631.5973481678 47.1469881805
346620.0000000000 -1132915.0674332606 6092523.8494843002 1504631.0390593684 183.8941750170
346650.0000000000 -1132915.3290470825 6092525.6380997067 1504632.1456119814 58.7970080209
346680.0000000000 -1132913.9170291014 6092524.9462936055 1504631.6880875877 195.9745033328
346710.0000000000 -1132915.0293563216 6092526.5889769327 1504631.2827474629 247.5657023773
346740.0000000000 -1132915.9956059842 6092525.2635943480 1504631.7452389351 173.2691004148
346770.0000000000 -1132915.2632853403 6092524.5797014311 1504631.4247432332 196.4524179990
346800.0000000000 -1132914.5339620074 6092524.3592679044 1504631.4585299783 174.4247297839
346830.0000000000 -1132915.3248455571 6092524.9300329993 1504631.0316809106 157.6085372297
346860.0000000000 -1132914.6220543114 6092523.9661787935 1504631.3225413340 222.9121434845
346890.0000000000 -1132915.3893162003 6092525.0374095570 1504630.3273894088 255.2853129271
346920.0000000000 -1132914.5105577926 6092521.6541224979 1504630.2346030464 488.4039954494
346950.0000000000 -1132914.6039727735 6092522.6946714101 1504630.0485742174 406.3661053415
346980.0000000000 -1132914.6699856948 6092521.5170182548 1504629.7972979185 459.5948331151
347010.0000000000 -1132914.5384093404 6092520.8987562433 1504628.7397295458 458.0161552128
347040.0000000000 -1132915.2054083818 6092521.4159309966 1504629.9532257766 773.2442118253
347070.0000000000 -1132915.8586817121 6092521.4202728029 1504629.3591562377 909.5246261433
347100.0000000000 -1132914.5448692492 6092520.4109673379 1504629.7146029640 689.1968417193
347130.0000000000 -1132915.1816659530 6092520.1312130978 1504630.3383078731 755.6085614874
347160.0000000000 -1132916.2845569430 6092521.8490789775 1504629.4499230275 922.3775806216
347190.0000000000 -1132915.1970777693 6092519.3415234536 1504629.3157383355 1433.2093828690
347220.0000000000 -1132915.1011447711 6092518.3579744333 1504629.2026248726 1330.8564043154
347250.0000000000 -1132914.7706344852 6092521.1469686795 1504629.7674910647 1633.1547759644
347280.0000000000 -1132914.9481538010 6092517.8662727205 1504628.8206904705 1647.8702939836
347310.0000000000 -1132914.7166263168 6092519.6629347671 1504628.6558568063 1895.0817764907
347340.0000000000 -1132915.5902847638 6092518.8268368896 1504627.8534896818 2224.7450868191
347370.0000000000 -1132915.0501302246 6092515.5071436027 1504628.9010527506 3196.3518600094
347400.0000000000 -1132914.4191430188 6092516.8048316790 1504627.4417150212 3173.2787379028
347430.0000000000 -1132914.0665566935 6092517.4865494184 1504626.7823263581 2885.6622403368
347460.0000000000 -1132913.4267479987 6092518.5794642577 1504628.2022075613 2858.1019764826
347490.0000000000 -1132914.5576698354 6092517.8035138305 1504628.9755861498 3554.9043082889
347520.0000000000 -1132913.5560240129 6092515.4520189669 1504627.7908786975 2991.7028572848
347550.0000000000 -1132913.8600782908 6092516.2065297589 1504627.2805441092 4890.2018717654
347580.0000000000 -1132914.0792478065 6092517.4943672661 1504627.5812650321 4694.4463954246
347610.0000000000 -1132913.1952884197 6092513.3532641800 1504627.4153886717 5559.2365635568
347640.0000000000 -1132914.4176010888 6092516.2181153977 1504627.0368137180 5770.4948275946
347670.0000000000 -1132914.6058721966 6092516.2326274272 1504626.9583946636 6893.6284021307
347700.0000000000 -1132913.9793920200 6092516.4837371474 1504627.2915118460 5144.6517563520
347730.0000000000 -1132912.6882318016 6092512.9899525754 1504626.9032366856 8104.7666208941
347760.0000000000 -1132913.9524372686 6092513.8210401209 1504626.4578540300 9302.0099920623
347790.0000000000 -1132914.3079746524 6092514.3636220992 1504627.3786878227 7835.7969673864
347820.0000000000 -1132913.7981004666 6092512.2907405337 1504626.4825715928 9817.1780227486
347850.0000000000 -1132914.1722418582 6092514.1081862571 1504626.9884421632 8439.4984778213
347880.0000000000 -1132913.9644053702 6092512.6658879695 1504626.7239509486 8806.7382063408
347910.0000000000 -1132914.2649006536 6092512.6593797039 1504626.4785704273 13730.3356373853
347940.0000000000 -1132914.2675517297 6092514.3689592034 1504626.1430454575 11284.0112042986
347970.0000000000 -1132913.4754918527 6092513.2659436036 1504624.7071897341 15002.6055964126
348000.0000000000 -1132916.1476668678 6092528.7698595515 1504632.2357343799 7.4471254281
348030.0000000000 -1132915.2808534384 6092529.2957888441 1504632.1272611574 14.1518599186
348060.0000000000 -1132914.9049868893 6092526.8948469060 1504632.6946334501 19.3385324894
348090.0000000000 -1132915.1753821154 6092528.1338075073 1504632.2801181634 19.9611336506
348120.0000000000 -1132914.5673119465 6092527.5854326440 1504633.0595495047 5.9387839934
348150.0000000000 -1132916.1985961127 6092528.2436989956 1504632.1061794439 8.3136849939
348180.0000000000 -1132915.0639267359 6092529.3512554886 1504632.4764616634 5.4886738079
348210.0000000000 -1132915.6322004118 6092529.5095066223 1504632.7924318248 0.6809365660
348240.0000000000 -1132915.4559011001 6092526.8010179009 1504631.5592761212 41.7095601213
348270.0000000000 -1132915.7489107780 6092527.6356502697 1504632.2349005062 3.2937726094
348300.0000000000 -1132915.0802025248 6092526.2033303985 1504631.7828198362 46.2399566512
348330.0000000000 -1132914.6033154260 6092526.2009793678 1504632.8573995300 12.3937149445
348360.0000000000 -1132915.4694220631 6092529.4331461992 1504632.5528317343 4.0627269281
348390.0000000000 -1132915.0020911191 6092527.4710622691 1504632.2339087951 2.2328688292
348420.0000000000 -1132915.9722091048 6092527.7904429212 1504631.4895372272 10.7747711656
348450.0000000000 -1132915.1713876880 6092527.7696739202 1504632.0485499387 27.3580064160
348480.0000000000 -1132915.3352070437 6092529.2519434560 1504632.3738253450 11.3912646872
348510.0000000000 -1132915.0563839872 6092527.2752601374 1504632.6831572040 1.8449077911
348540.0000000000 -1132915.1556372470 6092527.4277738761 1504631.7540014188 5.8980079594
348570.0000000000 -1132915.3842927734 6092527.2701249979 1504632.3617237117 1.0102494233
348600.0000000000 -1132915.2759201410 6092529.5241395999 1504632.8168123220 5.5721981350
348630.0000000000 -1132915.4533533542 6092526.8402546830 1504631.9408724706 14.8146382098
348660.0000000000 -1132915.2295587629 6092528.6208541421 1504632.8044563471 3.2181230297
348690.0000000000 -1132915.6587863744 6092528.6576987309 1504633.3331653760 13.6365213912
348720.0000000000 -1132915.4634915711 6092524.8754314240 1504632.4428176638 106.2927471125
348750.0000000000 -1132915.2494457099 6092527.4538837355 1504632.7827524277 7.4293097496
348780.0000000000 -1132915.4352728119 6092527.8584268810 1504632.6594501203 4.6813446188
348810.0000000000 -1132915.3259754013 6092528.9434070066 1504633.0644240093 7.3789116335
348840.0000000000 -1132915.1354923705 6092529.3197292406 1504632.5159177752 4.3410889735
348870.0000000000 -1132914.4995542958 6092527.4284028988 1504632.6841975206 18.9507995535
348900.0000000000 -1132914.4249228698 6092525.9662474599 1504632.0402664787 9.8149650995
348930.0000000000 -1132915.4667761312 6092529.9262853963 1504632.7105734970 4.8434591314
348960.0000000000 -1132914.7025259046 6092527.4692543969 1504632.0669662463 5.3365317135
348990.0000000000 -1132915.1664240758 6092527.3882291596 1504632.6143895825 2.8138973284
349020.0000000000 -1132914.7928216790 6092528.2089310698 1504632.5662723286 3.0158307534
349050.0000000000 -1132915.7033280928 6092526.8401564062 1504632.9146210577 4.9582117051
349080.0000000000 -1132915.0066384948 6092527.0045044087 1504632.3436168267 9.4400673083
349110.0000000000 -1132914.3717268789 6092527.2874196088 1504633.0397008262 2.0358623298
349140.0000000000 -1132914.0791744096 6092526.5501938099 1504632.7460164230 1.4024846359
349170.0000000000 -1132914.1469558231 6092527.0907423627 1504631.9243411003 7.3538775304
349200.0000000000 -1132915.1989136680 6092528.7438657451 1504632.7094130011 2.0864862561
349230.0000000000 -1132916.0648513648 6092529.9047356956 1504632.1326328581 6.2987000282
349260.0000000000 -1132915.4933818609 6092528.5524717253 1504632.3262520698 6.7956063867
349290.0000000000 -1132915.1185053161 6092528.3616658710 1504632.5403080026 18.2021051859
349320.0000000000 -1132915.3974435269 6092527.2160298740 1504632.8515048455 28.2706247698
349350.0000000000 -1132915.2664122211 6092528.9551604195 1504632.7269381105 4.1867721127
349380.0000000000 -1132915.0575429753 6092529.3203288149 1504631.8572937015 22.8741673334
349410.0000000000 -1132915.0530163709 6092528.3974413136 1504632.2782773101 7.1256706653
349440.0000000000 -1132915.2066900418 6092528.7354258355 1504632.9368186169 3.0968712868
349470.0000000000 -1132915.4284912383 6092527.8124532029 1504632.3437694632 12.1185067542
349500.0000000000 -1132915.1098669483 6092528.0394604793 1504632.1121415833 5.1156379739
349530.0000000000 -1132915.2897486598 6092528.7088272655 1504631.9892936321 9.6235602154
349560.0000000000 -1132914.6443419319 6092528.4394889660 1504632.0289048993 16.0871750001
349590.0000000000 -1132915.1805620226 6092527.5283021266 1504631.5565048484 8.1166162802
349620.0000000000 -1132916.1342088578 6092530.1709560100 1504632.5870482139 3.6762524891
349650.0000000000 -1132916.0501160198 6092528.2433020966 1504632.5437576356 20.9775451328
349680.0000000000 -1132915.1126139592 6092526.2116082348 1504632.0750478855 20.2439824095
349710.0000000000 -1132916.0206695013 6092528.1868393915 1504632.2831604439 25.0705316182
349740.0000000000 -1132915.0717419344 6092528.3946046671 1504631.9902644409 14.5493080789
349770.0000000000 -1132915.3369520400 6092529.8371048607 1504632.4586250302 1.8728143910
349800.0000000000 -1132915.9694416865 6092529.8232965823 1504632.4262480468 2.9962682406
349830.0000000000 -1132914.9472044546 6092527.1594850458 1504632.1447746283 8.4450217236
349860.0000000000 -1132915.8163992898 6092528.4625852825 1504632.4762241815 7.7786453929
349890.0000000000 -1132915.1183509184 6092527.7644490739 1504632.2180723448 8.2771058088
349920.0000000000 -1132914.4538148292 6092527.0213987296 1504631.8704675597 9.9385119056
349950.0000000000 -1132916.0190814745 6092528.7734088246 1504632.9325149667 49.0681936393
349980.0000000000 -1132914.7184735530 6092528.2145054350 1504632.0342812010 36.4107234700
350010.0000000000 -1132915.5970537609 6092528.4881226206 1504632.7002894750 12.7864163544
350040.0000000000 -1132914.2231681363 6092527.9235495497 1504633.0946362845 7.3389592380
350070.0000000000 -1132914.9502002203 6092526.9270168524 1504631.9896185754 6.7017293768
350100.0000000000 -1132914.9557083088 6092527.8289031060 1504632.1913787324 5.4211486601
350130.0000000000 -1132914.9429299696 6092528.3631474013 1504632.4523528162 2.2408903406
350160.0000000000 -1132914.6756149346 6092528.8956784140 1504632.1028705796 3.2966154198
350190.0000000000 -1132913.6423906076 6092526.2036486873 1504631.8115596650 2.0844305947
350220.0000000000 -1132914.8555917980 6092527.8767869631 1504632.6000814745 6.2664013878
350250.0000000000 -1132913.9460196514 6092527.2484415332 1504632.7000967399 2.1106834284
350280.0000000000 -1132914.8657922307 6092526.9954985166 1504632.4331249772 8.7233918890
350310.0000000000 -1132914.7875219090 6092527.8182067461 1504632.6499052674 8.5807912196
350340.0000000000 -1132914.7136847735 6092527.1653004112 1504632.6257434164 7.8780656211
350370.0000000000 -1132914.6678649371 6092527.8868111558 1504632.8426444384 25.9119331159
350400.0000000000 -1132914.8256890732 6092528.2533257250 1504633.0661969206 15.6857495962
350430.0000000000 -1132914.5309164883 6092527.5757413572 1504632.8694641949 2.6746048031
350460.0000000000 -1132915.3513186087 6092526.1498734010 1504632.9850311296 28.8267045870
350490.0000000000 -1132916.2133126503 6092529.6975674070 1504633.8491083065 11.2703902605
350520.0000000000 -1132915.4453997912 6092529.7323471345 1504632.9824808354 2.7722064833
350550.0000000000 -1132915.1902844575 6092528.3519157646 1504632.7801800345 15.3221211537
350580.0000000000 -1132914.9589562828 6092527.9766516723 1504632.9745979470 32.9375726991
350610.0000000000 -1132914.5587536083 6092526.4452653928 1504632.6525220133 15.4039222232
350640.0000000000 -1132914.6352953913 6092526.7289605932 1504632.0916510830 4.0706318954
350670.0000000000 -1132915.7880078102 6092526.9791935878 1504633.0338243661 43.7536854925
350700.0000000000 -1132915.8716416685 6092529.0824056240 1504633.3137438041 10.0249377845
350730.0000000000 -1132915.1805132951 6092528.3517595399 1504631.4104137232 17.1618266233
350760.0000000000 -1132915.1762347349 6092526.4356213603 1504631.0472688389 16.5045511250
350790.0000000000 -1132914.6610238231 6092526.8800256010 1504632.3765468006 4.5269427259
350820.0000000000 -1132915.1743105280 6092527.4379354427 1504632.2967450216 17.0443534195
350850.0000000000 -1132915.0200323204 6092527.1161943581 1504632.1146982876 8.8219530679
350880.0000000000 -1132914.4860379316 6092524.8020579303 1504631.6737247873 8.1934687803
350910.0000000000 -1132915.2691601382 6092524.3130721981 1504631.6347312480 20.8928951578
350940.0000000000 -1132915.6630596954 6092527.9174390044 1504632.1646451065 20.0799642744
350970.0000000000 -1132915.2128086740 6092529.5724132322 1504632.8381209637 10.6295882619
351000.0000000000 -1132914.9236514030 6092527.3617212810 1504632.0660492436 13.5608568325
351030.0000000000 -1132915.2137746203 6092525.8916779300 1504631.6139079116 42.4713541820
351060.0000000000 -1132914.0516190571 6092527.2436107900 1504632.1113476518 4.5602485776
351090.0000000000 -1132914.8845537540 6092527.5984131750 1504633.1206775338 18.7589350539
351120.0000000000 -1132916.0566868817 6092529.9023620663 1504633.2217378546 6.4551348007
351150.0000000000 -1132914.6096489560 6092527.8301700549 1504631.7738502398 3.9621126311
351180.0000000000 -1132914.5281985167 6092526.1464478578 1504632.1039127437 1.4925170185
351210.0000000000 -1132913.7534199152 6092525.5428281073 1504632.3340083060 7.0770407165
351240.0000000000 -1132913.6153060719 6092526.1832961887 1504632.7102070102 10.3040366478
351270.0000000000 -1132913.9263536155 6092527.4346238654 1504633.2675507087 1.4279880139
351300.0000000000 -1132913.9257081985 6092526.2453857847 1504632.2646404959 1.8654660862
351330.0000000000 -1132914.8535742857 6092529.4885483664 1504633.1751416486 2.8701773463
351360.0000000000 -1132915.8461123386 6092529.4895051038 1504632.3411933740 12.8224115664
351390.0000000000 -1132914.8952246227 6092526.5329466993 1504632.3862564461 6.7023101912
351420.0000000000 -1132914.6752763158 6092528.2623846997 1504632.0443394410 0.1049168387
351450.0000000000 -1132915.6002059970 6092529.1656985544 1504632.7428730070 7.7295183481
351480.0000000000 -1132915.9093356400 6092527.7496027248 1504632.1048054888 1.7393271752
351510.0000000000 -1132914.9170456631 6092527.2148327976 1504632.3043883694 8.2441933471
351540.0000000000 -1132913.8003385954 6092526.9629540248 1504632.1608133116 23.6322445803
351570.0000000000 -1132914.6103837728 6092528.0055046324 1504632.3766087650 11.3129027629
351600.0000000000 -1132914.7245969982 6092528.4839326739 1504632.3087105486 4.7204460923
351630.0000000000 -1132915.5161779458 6092528.1081196824 1504632.8647003600 53.3225467585
351660.0000000000 -1132914.9533346889 6092527.5339581640 1504632.4399551137 5.2315112120
351690.0000000000 -1132916.1773747872 6092530.0583856963 1504633.5723785036 1.8818895103
351720.0000000000 -1132915.6323785721 6092527.5248920564 1504632.1807511682 14.7180844554
351750.0000000000 -1132914.2648281804 6092526.2893348765 1504632.1186225768 2.6814483226
351780.0000000000 -1132914.7898184229 6092525.8776408928 1504632.0146563048 7.4988361424
351810.0000000000 -1132915.3744082905 6092529.1679000659 1504632.8635642750 12.8646863133
351840.0000000000 -1132915.1237551556 6092527.7904688697 1504632.6905032713 27.1632448719
351870.0000000000 -1132914.7737214821 6092526.6110214330 1504632.8984357193 8.0686424846
351900.0000000000 -1132916.2731583552 6092529.8230712963 1504633.0028504268 5.0928435446
351930.0000000000 -1132915.3233825604 6092528.5281125670 1504632.2279993012 14.7065459120
351960.0000000000 -1132915.3464012872 6092528.5493634455 1504632.1454482195 7.2550108675
351990.0000000000 -1132914.0095224977 6092526.6072444795 1504631.6706890280 5.5614484339
352020.0000000000 -1132915.3878694561 6092528.6550849574 1504632.7413380228 17.9291335096
352050.0000000000 -1132914.3323586464 6092526.3411458721 1504632.1450885574 8.4071708578
352080.0000000000 -1132915.3162147424 6092527.9108290840 1504632.5840446730 4.2256355763
352110.0000000000 -1132914.0918760488 6092527.5447292030 1504632.6953341761 6.3402869503
352140.0000000000 -1132915.2431628786 6092527.6652188916 1504632.1052552559 7.3746289505
352170.0000000000 -1132915.6637779532 6092530.7393385153 1504633.6557114928 8.0845670958
352200.0000000000 -1132915.4661555542 6092531.7850339934 1504633.5605093483 4.4989744928
352230.0000000000 -1132914.1976209285 6092527.5938455276 1504632.6519319690 1.8240948870
352260.0000000000 -1132915.1832104044 6092526.8747561360 1504632.5314417204 10.1475435881
352290.0000000000 -1132914.7338027277 6092527.7118710345 1504632.3295838516 2.0155679727
352320.0000000000 -1132915.1095622100 6092528.2048708638 1504632.6198051425 5.2967868286
352350.0000000000 -1132914.8282949510 6092529.0823420268 1504632.6917145161 3.0999718367
352380.0000000000 -1132915.8840177529 6092528.8129244866 1504632.9489456967 7.0370307064
352410.0000000000 -1132915.0840010401 6092528.7836457267 1504632.7434683549 6.1252362920
352440.0000000000 -1132914.3250127551 6092524.8187935706 1504632.0891606652 9.7093309074
352470.0000000000 -1132915.1347068064 6092529.4577933652 1504633.6448599950 5.0683058221
352500.0000000000 -1132915.8321238428 6092528.8027076945 1504632.8497345643 5.1157144081
352530.0000000000 -1132915.5972250430 6092528.0467531374 1504633.2400506265 26.8397175397
352560.0000000000 -1132914.9013558852 6092528.9119243566 1504633.7610813244 5.2479925431
352590.0000000000 -1132915.0979384677 6092528.6525969710 1504633.3940310294 11.7340806090
352620.0000000000 -1132915.9036062569 6092528.7690028120 1504633.7107825503 18.9095094742
352650.0000000000 -1132915.7591341380 6092529.5158035196 1504633.9172517937 48.4662872268
352680.0000000000 -1132915.4998296991 6092529.8339093197 1504633.6744505339 5.1705973619
352710.0000000000 -1132914.5286945861 6092527.5252644867 1504632.7270990591 4.9783204055
352740.0000000000 -1132915.7222885920 6092529.7888146834 1504633.2235689138 20.1829925448
352770.0000000000 -1132915.7663551848 6092527.1126688225 1504633.2464513422 5.1768878282
352800.0000000000 -1132915.7307850609 6092529.3683943516 1504633.2252767291 19.8750472373
352830.0000000000 -1132915.6972352387 6092528.0721171591 1504633.5077574765 9.7774191710
352860.0000000000 -1132914.9027914891 6092527.1517956024 1504632.2175609826 3.7151962166
352890.0000000000 -1132916.0600546459 6092527.7680303017 1504633.3993235568 12.6798071048
352920.0000000000 -1132914.6407930534 6092526.9154250175 1504632.2845150537 25.4145189149
352950.0000000000 -1132915.7963156858 6092528.0554573257 1504633.3175231216 7.2182757105
352980.0000000000 -1132916.0894617445 6092529.3220466068 1504633.9177648688 6.1770730231
353010.0000000000 -1132915.1672304543 6092529.8042079378 1504633.2013963195 5.3487187423
353040.0000000000 -1132915.3540277109 6092527.6481458656 1504632.3112104614 8.1949387963
353070.0000000000 -1132915.0599967884 6092527.7894853698 1504632.3342244965 1.6112733521
353100.0000000000 -1132915.0737381366 6092526.4030000782 1504632.0800281817 5.8273095701
353130.0000000000 -1132915.0426257695 6092527.8793818438 1504632.5014491887 6.2515595847
353160.0000000000 -1132915.2404193135 6092526.2853001561 1504633.1735859909 8.6470879155
353190.0000000000 -1132915.3755920716 6092528.4441378098 1504632.9768768423 0.9082755136
353220.0000000000 -1132914.9980904621 6092526.8570479499 1504632.7298815488 2.3629930822
353250.0000000000 -1132915.9405568419 6092529.0471491376 1504633.4272259746 1.2593335356
353280.0000000000 -1132914.9516310086 6092527.3351089284 1504633.0058795516 2.9535298593
353310.0000000000 -1132915.3421981446 6092527.5867896331 1504632.9794993750 6.8341584466
353340.0000000000 -1132914.7650153365 6092526.5496160053 1504633.1625932048 1.1511515325
353370.0000000000 -1132915.8020040861 6092527.5961174909 1504633.5577883474 8.0514529562
353400.0000000000 -1132915.1896941119 6092527.1946865646 1504633.3051440925 6.0728812804
353430.0000000000 -1132915.7888372859 6092527.9366396833 1504633.7532644158 9.0620626184
353460.0000000000 -1132915.2942092766 6092526.7308828933 1504633.5582325831 10.1485989478
353490.0000000000 -1132915.1021082751 6092529.3090207567 1504633.4875912287 6.9098576360
353520.0000000000 -1132915.2752167615 6092528.9299002206 1504633.0957126322 9.5873760438
353550.0000000000 -1132914.8523482343 6092527.6424549483 1504632.9443095953 1.4191626003
353580.0000000000 -1132914.9179102408 6092527.1202349532 1504632.3142587619 28.5498412564
353610.0000000000 -1132915.6502021174 6092530.0570734739 1504632.9892668144 7.8842908560
353640.0000000000 -1132916.5630170687 6092529.5118280035 1504633.6268791729 14.1799454276
353670.0000000000 -1132916.0810066496 6092528.0709895892 1504633.8476963309 31.3464104009
353700.0000000000 -1132916.6119953599 6092527.8381712725 1504633.7925861992 9.3501830210
353730.0000000000 -1132917.0162542860 6092528.3719835756 1504633.9971624115 50.4564336739
353760.0000000000 -1132915.7148326046 6092527.7259946167 1504632.6884741278 20.7761439872
353790.0000000000 -1132915.5425254875 6092528.1837583743 1504632.6956391402 14.4786905375
353820.0000000000 -1132915.2382297700 6092529.0889291102 1504633.2091669238 17.8123860824
353850.0000000000 -1132915.7114992980 6092529.2059708023 1504632.5784765619 12.1250017350
353880.0000000000 -1132915.6708286551 6092528.5610656347 1504633.2078455242 9.3305089441
353910.0000000000 -1132915.3485387976 6092526.8847717540 1504633.1629754610 5.1606437949
353940.0000000000 -1132915.7668815269 6092528.7328182301 1504633.7689766455 16.4141701808
353970.0000000000 -1132914.8607358758 6092528.4328721389 1504632.3744470279 2.1524596377
354000.0000000000 -1132915.4623126478 6092528.8600367699 1504632.9641331569 6.5591520136
354030.0000000000 -1132915.5912233968 6092530.2208083365 1504633.1175045597 4.4904563708
354060.0000000000 -1132916.0516214657 6092528.2864215607 1504633.4704169582 1.7662358944
354090.0000000000 -1132914.6658224894 6092528.3677659463 1504633.0142080586 12.7133493065
354120.0000000000 -1132915.4255194820 6092529.9165549073 1504633.8650635583 4.2538703825
354150.0000000000 -1132914.8655115212 6092529.0615912750 1504633.4527296992 4.1802702116
354180.0000000000 -1132915.8608215803 6092530.4678886253 1504634.3603806098 28.6663109361
354210.0000000000 -1132915.6724089999 6092529.6497527203 1504634.1798703370 7.3085659115
354240.0000000000 -1132916.4013759564 6092530.3948751353 1504633.8276274279 17.9629801170
354270.0000000000 -1132915.7859109750 6092528.3814761695 1504633.5533367847 1.9281716756
354300.0000000000 -1132916.0350582954 6092530.4023264088 1504634.2750528567 5.4790903102
354330.0000000000 -1132915.8672345669 6092527.5756289279 1504633.5269291396 4.1596980860
354360.0000000000 -1132915.7881518390 6092527.8632050650 1504633.2051182047 10.3636140927
354390.0000000000 -1132915.6087362645 6092528.3806943679 1504633.7624152750 13.5500323606
354420.0000000000 -1132915.1399097710 6092527.9493194260 1504632.8594972983 0.9673606782
354450.0000000000 -1132915.6101112736 6092531.5070622284 1504633.2076471504 5.5477020746
354480.0000000000 -1132916.1421983081 6092528.6812884212 1504633.2558308933 29.8491313311
354510.0000000000 -1132916.5929547078 6092531.5145664066 1504634.0749154736 10.8131494711
354540.0000000000 -1132916.2275708965 6092530.1454657121 1504634.0023425987 13.1889043883
354570.0000000000 -1132916.4214716700 6092530.1760660969 1504634.3548220934 3.2827270587
354600.0000000000 -1132916.4186119665 6092529.4362400966 1504633.4189921720 12.8493839111
354630.0000000000 -1132916.7987675895 6092530.4667634862 1504634.3632037174 4.1241955176
354660.0000000000 -1132916.0002534648 6092529.2793230405 1504633.9958724012 4.6218551733
354690.0000000000 -1132916.4023160373 6092528.4511138014 1504633.6650257458 3.0653697565
354720.0000000000 -1132915.9447825032 6092528.4832863417 1504633.2221531065 12.2506715609
354750.0000000000 -1132915.5653727234 6092528.4998020791 1504633.8253537703 16.4185215343
354780.0000000000 -1132916.3798537306 6092531.1143929418 1504633.3762116691 23.8227381577
354810.0000000000 -1132917.1172313797 6092530.4428404011 1504634.0637981752 22.1185296888
354840.0000000000 -1132916.0798551943 6092528.5156757627 1504634.1798843122 1.3590230544
354870.0000000000 -1132916.5476829947 6092528.8850723086 1504633.8869324147 10.5691617020
354900.0000000000 -1132917.2905156447 6092530.5549219269 1504634.1949828721 60.6451766301
354930.0000000000 -1132915.5828116981 6092528.2818547301 1504634.2616372919 48.8231528084
354960.0000000000 -1132915.9823836100 6092528.8613172490 1504634.2275688080 22.4248189608
354990.0000000000 -1132915.1370099036 6092528.3289481122 1504633.8351183536 12.3123284185
355020.0000000000 -1132915.7513375850 6092526.8894935055 1504634.3803432691 5.7497721605
355050.0000000000 -1132915.5133026317 6092528.8893362349 1504634.0313814546 7.3267013522
355080.0000000000 -1132915.5756781392 6092529.3744083392 1504634.2341619793 9.1817279112
355110.0000000000 -1132915.2103097306 6092527.3557650521 1504633.2271267080 4.2418325633
355140.0000000000 -1132915.4096635592 6092528.5695284568 1504633.2560745105 1.5085647029
355170.0000000000 -1132916.0627433937 6092530.1192275817 1504634.4599020507 10.3700076544
355200.0000000000 -1132915.3163389461 6092528.3021675851 1504633.2190685631 6.6794096703
355230.0000000000 -1132915.5322353372 6092529.0989229325 1504633.7821973877 9.0309265236
355260.0000000000 -1132915.6453116015 6092530.5435754880 1504633.8556185467 11.6529708850
355290.0000000000 -1132915.9408904964 6092530.7411411544 1504633.8205078884 9.4469554320
355320.0000000000 -1132915.1620876994 6092529.6648962814 1504633.5329965623 5.8759291942
355350.0000000000 -1132916.0729043356 6092529.1682678154 1504633.7669072200 23.0075329731
355380.0000000000 -1132916.2927727366 6092531.4096794780 1504634.4243064576 11.6510434844
355410.0000000000 -1132914.9030768783 6092529.1632403368 1504633.7956717077 2.6435864436
355440.0000000000 -1132915.3849138666 6092529.1942914966 1504633.4710343054 4.5454337474
355470.0000000000 -1132915.7277452536 6092529.5272162408 1504633.8408946956 13.5184726215
355500.0000000000 -1132915.5244265387 6092527.9477800149 1504633.7585317988 3.2894839116
355530.0000000000 -1132915.8974073825 6092529.4209431885 1504633.7230495582 7.3600113766
355560.0000000000 -1132916.5948528245 6092528.8601077218 1504633.9684108631 6.4642514588
355590.0000000000 -1132916.0953268050 6092528.9707693625 1504633.9058338162 12.1503213878
355620.0000000000 -1132916.2737892468 6092530.0570648843 1504634.1348310004 16.2394965844
355650.0000000000 -1132915.1920321563 6092527.7731186235 1504633.7515451133 21.7382048855
355680.0000000000 -1132915.2448053311 6092527.3710249467 1504632.8732249509 8.0733040994
355710.0000000000 -1132916.2594014930 6092529.6019961862 1504633.3236254242 14.2850845078
355740.0000000000 -1132915.5124399934 6092530.6142425686 1504633.4945240822 11.0960087496
355770.0000000000 -1132915.4700482937 6092528.7420796715 1504633.3629477224 6.0862069165
355800.0000000000 -1132915.4319719083 6092528.2274005599 1504633.3965529767 26.3589117862
355830.0000000000 -1132915.2171402101 6092529.7351548998 1504632.9171647073 8.1511883350
355860.0000000000 -1132916.3909513792 6092529.1632240694 1504633.8351559022 6.8883589598
355890.0000000000 -1132915.9906310136 6092528.9977418594 1504633.8910727727 6.5452124442
355920.0000000000 -1132914.8128576893 6092528.6238103285 1504632.4906658609 4.9729018462
355950.0000000000 -1132914.4105560342 6092528.8713696757 1504633.3657505792 8.0924291569
355980.0000000000 -1132914.9476870198 6092527.3590139840 1504633.0352903702 5.9315034786
356010.0000000000 -1132914.0814018876 6092528.4092560988 1504632.6822721327 7.3455989089
356040.0000000000 -1132914.3807463320 6092526.4509739373 1504632.9223938754 18.8513813424
356070.0000000000 -1132915.3741661715 6092527.4107460445 1504633.1041416116 7.7383446411
356100.0000000000 -1132914.6874199964 6092527.3086456964 1504634.0900096172 25.5298502961
356130.0000000000 -1132914.8744185774 6092527.8267117264 1504632.6656502872 3.8793808882
356160.0000000000 -1132914.5157391196 6092527.1005372945 1504633.2963287004 20.4509447490
356190.0000000000 -1132914.8185377584 6092527.6899576215 1504632.9471170837 3.3678532152
356220.0000000000 -1132914.8277968154 6092527.7042512614 1504633.4398833700 1.8515202840
356250.0000000000 -1132913.5450936691 6092528.8361738110 1504632.5093728707 0.6499077365
356280.0000000000 -1132913.6983180104 6092527.1916843532 1504632.1309989104 12.2228179551
356310.0000000000 -1132914.9714411104 6092530.0579480985 1504632.9122274271 0.5917899073
356340.0000000000 -1132915.4950864771 6092528.1349864686 1504632.9660377027 1.9575522890
356370.0000000000 -1132915.7889783308 6092528.3385433462 1504633.5060644469 11.1130476535
356400.0000000000 -1132915.1226683038 6092528.0102242474 1504633.1560802946 5.2733188452
356430.0000000000 -1132915.6941220250 6092530.0308443857 1504633.4482665712 5.8446315655
356460.0000000000 -1132916.1101852618 6092529.0343494304 1504632.8704973904 25.5549954870
356490.0000000000 -1132915.9530467743 6092529.8771622535 1504633.0964028134 16.7402863363
356520.0000000000 -1132914.7490800812 6092528.2502132542 1504632.8174291737 4.7229298321
356550.0000000000 -1132916.4227013707 6092528.5989923310 1504633.1995281249 9.2924826061
356580.0000000000 -1132916.6512270034 6092529.2364519229 1504633.4825099118 11.0517860930
356610.0000000000 -1132915.6219640053 6092527.9337476352 1504632.9024219892 10.8181202871
356640.0000000000 -1132915.6115461939 6092528.5074516637 1504632.8757029942 30.2457764790
356670.0000000000 -1132915.8182254622 6092528.1345605003 1504632.8019328380 11.2261132983
356700.0000000000 -1132914.3370880033 6092526.3948211493 1504630.7158259845 40.2895057921
356730.0000000000 -1132915.5647237960 6092527.5303150946 1504631.6786804795 52.1471299531
356760.0000000000 -1132914.9113687465 6092527.3750944212 1504631.7963707929 30.2575910775
356790.0000000000 -1132915.8474025000 6092528.2837792570 1504632.6605048007 18.0008568612
356820.0000000000 -1132916.2765748051 6092529.8158268547 1504633.3084553918 45.5192570107
356850.0000000000 -1132915.4067175295 6092528.0542095779 1504631.3323007859 45.1594222003
356880.0000000000 -1132916.2889939761 6092529.3593552345 1504632.1331576684 58.3360538737
356910.0000000000 -1132916.4477132387 6092529.4437533729 1504632.2422535755 75.2671487248
356940.0000000000 -1132916.8413377199 6092529.8773269868 1504632.7933796495 107.7861526588
356970.0000000000 -1132916.6338641217 6092528.2631411059 1504631.6583210747 71.3174289276
357000.0000000000 -1132916.0338251626 6092530.2184726261 1504632.4620876282 116.4467174704
357030.0000000000 -1132911.1831872303 6092504.4669086402 1504626.2120123692 12427.9167102949
357060.0000000000 -1132911.2548109347 6092503.9184260890 1504626.9357690150 10847.4423705714
357090.0000000000 -1132910.6936497097 6092505.2812136263 1504626.7476597207 10249.8151307974
357120.0000000000 -1132912.0676040647 6092502.3471636074 1504627.7968435150 10435.0924909419
357150.0000000000 -1132911.4958885903 6092504.8546483722 1504627.7715930068 12444.5007648888
357180.0000000000 -1132910.6603740458 6092502.2047634069 1504627.0218149864 11305.0291367882
357210.0000000000 -1132911.2400191771 6092504.8657395402 1504627.3121179095 12101.4692495716
357240.0000000000 -1132911.8179666412 6092504.7990602870 1504626.8083128240 12381.1931927308
357270.0000000000 -1132911.3192278107 6092505.1817010585 1504627.6530580434 11612.2770322205
357300.0000000000 -1132912.3913235110 6092503.6191014107 1504626.5962727186 15975.5441843712
357330.0000000000 -1132911.8628178418 6092505.6010777047 1504626.8933633210 13018.8558766468
357360.0000000000 -1132910.7700520656 6092503.5683809696 1504625.8241719317 16273.0814734659
357390.0000000000 -1132912.3284692271 6092505.3455992285 1504627.2685235944 13922.7128535873
357420.0000000000 -1132909.9776687608 6092503.0106265219 1504626.0132150969 14182.4581322492
357450.0000000000 -1132911.3803351717 6092504.5526065351 1504626.0871593368 16818.6283667297
357480.0000000000 -1132912.3082473697 6092505.8723776070 1504625.9096232099 14880.4980842436
357510.0000000000 -1132911.5663828508 6092505.7487015594 1504626.2564071366 15723.6697160797
357540.0000000000 -1132913.1634856898 6092506.3396618236 1504627.4739866236 15131.7711000106
357570.0000000000 -1132911.5984374650 6092505.7700826637 1504625.5919366151 16213.6300425583
357600.0000000000 -1132912.0373611227 6092504.5779576283 1504625.6922514420 16332.1254391477
357630.0000000000 -1132912.7636199873 6092505.8391878754 1504626.7558358125 18771.4015426710
357660.0000000000 -1132912.4280176358 6092505.6508561373 1504626.4708837040 20123.5426360059
357690.0000000000 -1132913.3788374101 6092508.7604273194 1504627.1105646775 21968.3470705957
357720.0000000000 -1132912.3073824206 6092506.8425864782 1504626.3564665939 15695.4771899034
357750.0000000000 -1132912.1541449986 6092505.7633144855 1504625.9281233752 18564.7576633142
357780.0000000000 -1132912.0094665501 6092505.4335639477 1504625.1135882544 19293.2002425662
357810.0000000000 -1132911.8600118353 6092506.9344033459 1504625.3671906933 21484.3306628644
357840.0000000000 -1132912.8862285854 6092507.1763766753 1504626.0525895329 26082.4646002869
357870.0000000000 -1132913.0835784574 6092507.2286670161 1504626.2514519123 23697.4989072644
357900.0000000000 -1132912.0608863193 6092507.3738929229 1504626.0202010972 21468.3684167682
357930.0000000000 -1132912.8056427438 6092506.5384773361 1504625.7147768834 24926.4422005346
357960.0000000000 -1132912.8791450476 6092508.8752543991 1504626.5538668639 21034.4285290768
357990.0000000000 -1132913.6462145741 6092507.7150078136 1504625.7527569134 26180.2400152139
358020.0000000000 -1132913.3260823302 6092508.8140549352 1504624.6965412069 26573.0469198300
358050.0000000000 -1132912.5632001758 6092506.9925355380 1504624.8109848266 26075.7450961866
358080.0000000000 -1132912.3686116566 6092508.6247669002 1504625.8365226805 26123.3637290167
358110.0000000000 -1132914.7168913228 6092510.4959249794 1504626.4315737209 28747.8124395516
358140.0000000000 -1132914.4583984518 6092510.2267493596 1504625.9337674705 32607.0302115021
358170.0000000000 -1132914.4101331041 6092511.8325528046 1504626.4721898537 29528.8849357814
358200.0000000000 -1132911.4072198174 6092508.1214573663 1504631.4450173848 11899.4983791658
358230.0000000000 -1132912.0751670783 6092508.9384890925 1504631.7266163556 14390.4765246308
358260.0000000000 -1132911.6459676719 6092507.8817041768 1504630.8608256839 10888.2862961549
358290.0000000000 -1132913.0777612396 6092509.3015252901 1504631.1801350876 10871.3283532914
358320.0000000000 -1132911.8765725857 6092508.8054134799 1504630.8916921683 10390.2375463392
358350.0000000000 -1132910.3977087236 6092508.3179831682 1504631.4873094128 10399.6297125077
358380.0000000000 -1132911.0765815347 6092507.0386143718 1504630.8506411563 9088.2978187558
358410.0000000000 -1132912.5323046085 6092510.6926568598 1504631.1722281270 12258.1817449221
358440.0000000000 -1132913.0035381659 6092511.9101464236 1504632.7830553381 10888.8116212270
358470.0000000000 -1132911.4911794092 6092511.1070116432 1504632.1539571316 10736.9932615389
358500.0000000000 -1132912.8228879361 6092512.1583088050 1504632.2377090005 10031.8332051714
358530.0000000000 -1132912.7450872387 6092510.8955831043 1504632.4311294330 13512.1680656921
358560.0000000000 -1132912.8883943730 6092509.7228722097 1504631.8395644096 13962.5842286790
358590.0000000000 -1132913.1203454509 6092510.5612783227 1504632.5703469568 11642.7557646954
358620.0000000000 -1132912.9241267601 6092511.8666408788 1504632.7863253041 14815.2378765529
358650.0000000000 -1132912.6519657602 6092511.7978627412 1504633.0330351910 11326.5439206934
358680.0000000000 -1132911.9554939999 6092512.0068814969 1504632.7553996881 12236.6420616261
358710.0000000000 -1132912.3186428139 6092510.6735600038 1504632.1818349585 12143.7795128246
358740.0000000000 -1132912.3568469691 6092511.3041809024 1504632.6540704696 10279.6049977965
358770.0000000000 -1132913.5048843094 6092512.4290108923 1504633.3767682430 8796.9553346788
358800.0000000000 -1132916.1815733328 6092531.1571445270 1504633.8208942255 7.9662752920
358830.0000000000 -1132915.7526743377 6092529.4412902519 1504633.5271970390 5.2697650232
358860.0000000000 -1132916.6820382748 6092530.7592789875 1504633.5571871088 12.4897952950
358890.0000000000 -1132915.6642735458 6092530.2908143243 1504633.6851436771 2.3375444635
358920.0000000000 -1132916.3272050919 6092531.1981536606 1504633.7095045138 1.0389748795
358950.0000000000 -1132916.6295051703 6092530.9550955901 1504633.7995252933 2.6224277639
358980.0000000000 -1132915.2756060101 6092528.1485281512 1504633.3307004408 11.8637744081
359010.0000000000 -1132914.9921177742 6092530.2354855295 1504633.7755200486 3.6613106410
359040.0000000000 -1132914.2830687868 6092528.4214433385 1504632.2000629657 19.7717109396
359070.0000000000 -1132915.6272515727 6092530.5319018345 1504633.6352520662 7.5350692365
359100.0000000000 -1132915.2303437295 6092527.6848472990 1504633.2886700470 3.7843607783
359130.0000000000 -1132915.5752935619 6092528.6437144913 1504633.5337151515 7.7034587429
359160.0000000000 -1132914.8330965056 6092528.0510492027 1504632.8571703229 8.2952969158
359190.0000000000 -1132915.6486207866 6092529.6786558237 1504633.7334890263 4.3729130032
359220.0000000000 -1132916.0298415788 6092530.6643221360 1504633.6116337359 3.0675927219
359250.0000000000 -1132916.7164213175 6092530.3506244877 1504634.2178610177 4.9776808616
359280.0000000000 -1132915.8114972354 6092529.8575502010 1504634.0458399875 3.0030503527
359310.0000000000 -1132915.5391321951 6092527.5543881655 1504633.0518228360 17.9719818881
359340.0000000000 -1132915.2643628239 6092528.3672920903 1504633.4289722112 1.3079318149
359370.0000000000 -1132915.8807592506 6092529.3672454571 1504632.8494151770 2.5014422610
359400.0000000000 -1132916.6400817253 6092528.4121590620 1504632.9693218402 26.2945096670
359430.0000000000 -1132915.3565874612 6092527.3360108621 1504632.6993471503 2.9935152447
359460.0000000000 -1132916.0442942667 6092529.0146665834 1504632.8612209228 9.6749787485
359490.0000000000 -1132914.8528626943 6092528.6016489211 1504633.0055846286 4.8785956704
359520.0000000000 -1132915.8941197896 6092529.2330747722 1504633.5875849680 10.4925023132
359550.0000000000 -1132915.0397436556 6092528.1101706000 1504632.9798458645 5.1033391792
359580.0000000000 -1132915.3787181731 6092529.5810503196 1504632.9374065825 9.5938287119
359610.0000000000 -1132915.7961700805 6092530.6901926659 1504634.3264696549 6.1827377382
359640.0000000000 -1132915.8261754818 6092530.4527946059 1504634.0455755068 1.3492177837
359670.0000000000 -1132915.9484252390 6092531.8178641452 1504634.7044394559 11.8251365612
359700.0000000000 -1132914.4512359290 6092530.3389033517 1504633.4425324174 7.5824501418
359730.0000000000 -1132915.1303666467 6092527.3818100849 1504632.2887587021 11.6211508082
359760.0000000000 -1132915.2285344303 6092529.6505681444 1504633.4681117563 5.0144658611
359790.0000000000 -1132915.2062278476 6092529.3383657886 1504633.1014986148 1.2045113236
359820.0000000000 -1132914.6306175899 6092528.7455490865 1504633.8593960847 4.2999484535
359850.0000000000 -1132915.0865136648 6092530.0232409872 1504633.8369209410 6.0566604098
359880.0000000000 -1132914.5218832353 6092529.4071943490 1504633.8010938684 9.8602004157
359910.0000000000 -1132915.7279750321 6092529.2640681714 1504633.4083746199 6.7091054531
359940.0000000000 -1132915.3903457040 6092530.2137458120 1504633.4356275732 14.2434808376
359970.0000000000 -1132915.4770304835 6092530.3527714582 1504633.5207465810 18.2035824908
360000.0000000000 -1132915.2541136823 6092529.8709720718 1504633.8567504284 1.0724186775
